num crossings	time (s)	maj axis (mm)	min axis (mm)	theta (rad )	slope (V/s)
917	75111.028531	69.311742	16.639524	-0.390677	16.026149
919	75113.105371	65.445670	13.985346	-0.335299	15.981836
921	75115.182195	67.862442	15.938208	-0.406619	16.744371
923	75117.260973	57.277169	20.134334	-0.381459	15.569332
925	75119.341019	57.635132	15.521486	-0.371362	15.688174
927	75121.421286	68.236255	16.371076	-0.405582	16.112574
929	75123.501281	70.617337	17.806847	-0.347611	16.057254
931	75125.580879	74.473557	21.733163	-0.355003	15.311439
933	75127.660970	71.214714	15.237126	-0.355213	15.166555
935	75129.740331	74.306392	16.873275	-0.375890	15.479401
937	75131.819482	67.380234	16.230707	-0.375682	15.634024
939	75133.899078	68.670765	15.504362	-0.378334	15.504358
941	75135.978902	73.036678	16.880127	-0.359905	15.923704
943	75138.059416	74.294988	18.339724	-0.373698	15.683717
945	75140.141080	66.529519	15.280802	-0.383836	15.946614
947	75142.224033	64.627039	13.646404	-0.281671	15.999668
949	75144.306859	67.609708	15.066901	-0.326967	16.363803
951	75146.390337	75.454657	18.482375	-0.344331	16.184837
953	75148.470177	66.847402	16.087103	-0.381237	16.306391
955	75150.546255	62.891689	17.896023	-0.363759	15.231460
957	75152.622288	46.375308	23.858949	-0.324383	15.211194
959	75154.697863	74.070847	17.480387	-0.356342	15.064404
961	75156.776094	73.400251	17.345460	-0.332509	15.253081
963	75158.855224	72.779785	16.554832	-0.343024	15.467546
965	75160.935343	61.941953	16.516802	-0.359282	15.611709
967	75163.015884	74.408396	17.166156	-0.347139	15.658022
969	75165.095593	74.417786	17.101008	-0.352216	16.038685
971	75167.174821	74.312197	16.795343	-0.343695	16.437078
973	75169.254222	55.541712	16.903893	-0.351013	15.756084
975	75171.333486	61.790006	15.770041	-0.334531	15.713063
977	75173.413175	73.814311	15.882941	-0.337617	15.868531
979	75175.494626	73.102303	15.807726	-0.316637	14.551395
981	75177.577396	71.572080	14.868093	-0.332793	15.044484
983	75179.661549	72.293221	16.186015	-0.328495	14.856485
985	75181.744372	65.749124	14.952297	-0.344997	15.493511
987	75183.824848	73.782654	16.297807	-0.335793	14.884817
989	75185.903147	68.596040	15.424716	-0.346458	14.793320
991	75187.980103	67.013296	15.263501	-0.309839	15.674774
993	75190.056195	67.902322	15.096278	-0.319679	16.160812
995	75192.134807	71.578225	18.882916	-0.294765	16.220453
997	75194.212575	65.295826	14.746807	-0.327549	16.250149
999	75196.292000	63.409260	15.283194	-0.313597	16.411124
1001	75198.371373	65.350308	14.603011	-0.325035	15.819120
1003	75200.451220	66.418998	14.488416	-0.321613	15.837770
1005	75202.531744	64.179513	14.898227	-0.316587	15.413887
1007	75204.612125	64.289231	14.547714	-0.350053	15.706163
1009	75206.693181	65.009455	14.696142	-0.272870	15.715127
1011	75208.774899	66.960055	15.086168	-0.331961	16.433745
1013	75210.856636	66.607565	16.439984	-0.294545	15.976566
1015	75212.940189	92.417987	16.828236	-0.147672	15.890392
1017	75215.020785	66.421435	15.244958	-0.313676	15.487583
1019	75217.099223	65.657947	15.852384	-0.290292	15.024664
1021	75219.175106	67.331420	14.300472	-0.285476	14.951879
1023	75221.251420	65.938044	14.182811	-0.319415	14.773525
1025	75223.328032	67.845718	14.498776	-0.293535	15.254406
1027	75225.406257	71.688610	15.656716	-0.286946	14.493073
1029	75227.485595	65.946263	14.185003	-0.310582	14.872882
1031	75229.564824	56.513630	13.907639	-0.258141	15.202853
1033	75231.644029	69.966868	14.294858	-0.271813	15.675184
1035	75233.724369	62.229322	14.482022	-0.305724	14.944834
1037	75235.804513	76.267463	20.807547	-0.233057	14.610358
1039	75237.884863	70.849270	14.621995	-0.258134	14.942896
1041	75239.965930	66.438202	14.532149	-0.278800	15.371217
1043	75242.048451	63.152327	14.139321	-0.282112	14.917791
1045	75244.131406	60.439910	13.446388	-0.278098	15.247398
1047	75246.214605	64.020126	14.303663	-0.296040	15.153324
1049	75248.295972	64.080806	13.928913	-0.277215	14.880666
1051	75250.375325	61.532496	13.640724	-0.341195	15.071153
1053	75252.452638	66.248233	15.045432	-0.279919	15.517405
1055	75254.530208	65.667132	12.000143	-0.191744	15.655149
1057	75256.608605	67.360002	14.640441	-0.262137	15.641995
1059	75258.687102	72.421068	18.183489	-0.260334	15.026026
1061	75260.765842	65.009108	14.094306	-0.266254	15.459261
1063	75262.845805	69.662463	14.448384	-0.262873	16.020008
1065	75264.925759	72.066772	15.015360	-0.259727	15.283302
1067	75267.006993	62.706192	13.852965	-0.306336	15.415968
1069	75269.088100	26.173669	19.127443	-0.364969	15.236953
1071	75271.169944	72.313751	15.734549	-0.268237	15.488060
1073	75273.251486	72.762433	16.768680	-0.240971	14.906031
1075	75275.331990	58.281195	14.506128	-0.211374	14.797597
1077	75277.410260	61.306548	14.219001	-0.251239	14.784254
1079	75279.487318	62.958458	14.578309	-0.279658	15.215252
1081	75281.563276	65.354667	14.348818	-0.280303	14.873752
1083	75283.639503	57.941813	13.423242	-0.223514	14.107238
1085	75285.717533	64.507662	14.076002	-0.269548	14.698843
1087	75287.796791	63.452337	14.823664	-0.257554	15.090340
1089	75289.875140	65.528472	12.870530	-0.186516	14.948351
1091	75291.955156	65.599514	14.000561	-0.265722	14.535108
1093	75294.035326	63.527206	20.548684	-0.192146	14.881167
1095	75296.115536	69.753223	14.517812	-0.222246	14.851995
1097	75298.195994	63.652960	13.516087	-0.251023	14.455123
1099	75300.277932	64.650855	14.677538	-0.240573	14.166057
1101	75302.360643	63.138039	13.657625	-0.189769	14.688579
1103	75304.443304	59.682212	13.426477	-0.284062	14.618887
1105	75306.525558	63.828559	14.496206	-0.248128	14.406379
1107	75308.606249	65.297049	13.569284	-0.224292	14.823636
1109	75310.685763	72.172506	14.658523	-0.227957	14.519684
1111	75312.763512	73.395163	15.380265	-0.206674	14.561703
1113	75314.841983	72.590758	15.285942	-0.210049	15.042759
1115	75316.920448	69.147887	17.054714	-0.207367	15.373747
1117	75318.999353	61.746104	14.113381	-0.254119	14.926454
1119	75321.078615	22.188362	18.596538	-0.327078	15.208136
1121	75323.159588	72.967637	15.114312	-0.202890	14.664806
1123	75325.239957	64.624502	13.866337	-0.239562	15.151992
1125	75327.321716	59.909415	11.299560	-0.129968	15.424772
1127	75329.403012	65.257436	14.423404	-0.238795	14.994479
1129	75331.483091	63.711923	15.291580	-0.204104	14.761304
1131	75333.562066	65.001271	13.204088	-0.216743	14.540300
1133	75335.640022	70.185354	16.190012	-0.195282	14.201987
1135	75337.716193	69.711977	16.512180	-0.208764	14.850451
1137	75339.793489	71.044156	14.365361	-0.209370	14.083835
1139	75341.870574	63.204146	13.318991	-0.218838	14.341005
1141	75343.948770	63.392895	13.331266	-0.144823	14.532974
1143	75346.027558	60.196383	13.518706	-0.247335	14.303187
1145	75348.107060	62.202732	14.500828	-0.212873	14.584630
1147	75350.186748	58.153478	20.247017	-0.138067	14.455681
1149	75352.267125	62.454615	13.132155	-0.198479	14.567673
1151	75354.347637	68.318489	16.601340	-0.192020	14.130940
1153	75356.429109	69.236281	13.636459	-0.205311	14.186246
1155	75358.510921	65.033694	12.531931	-0.143616	14.039275
1157	75360.594251	71.590943	14.727960	-0.190127	14.807612
1159	75362.676198	68.893712	18.506685	-0.187084	14.064947
1161	75364.756958	71.261924	14.783715	-0.171940	14.802186
1163	75366.836348	68.160704	14.339626	-0.165926	14.204252
1165	75368.915592	70.895632	18.597644	-0.171284	14.263124
1167	75370.994946	70.587555	15.259720	-0.186109	14.927401
1169	75373.072851	64.657071	13.146047	-0.192561	14.642172
1171	75375.152505	64.969464	13.185855	-0.170694	14.576690
1173	75377.232621	70.069435	14.535084	-0.169955	14.545850
1175	75379.313091	67.440268	13.566083	-0.169581	14.691788
1177	75381.393424	59.203736	13.144306	-0.223957	14.718650
1179	75383.473995	63.061685	15.008844	-0.165618	14.510987
1181	75385.554407	66.130780	14.730716	-0.111344	14.318655
1183	75387.634045	70.143751	15.888031	-0.153300	14.173579
1185	75389.712662	64.805011	13.973768	-0.192306	14.138473
1187	75391.789092	66.222080	12.818468	-0.168389	14.439604
1189	75393.867079	73.267663	14.262271	-0.156274	13.881746
1191	75395.943631	67.685195	14.254482	-0.151425	13.773171
1193	75398.021717	62.903750	13.264084	-0.155083	14.145040
1195	75400.100820	61.135452	13.356322	-0.190489	13.522851
1197	75402.179810	60.976715	13.117832	-0.170902	14.469115
1199	75404.259554	61.931227	14.262691	-0.162889	14.274464
1201	75406.339249	57.899115	20.244856	-0.127677	14.266450
1203	75408.420651	62.363381	12.174664	-0.196696	13.954875
1205	75410.502132	57.904956	20.343047	-0.138592	13.765034
