crossing time (s)	slope (V/s)	crossing number
281474976710655.000000	14.368224	3607	7327335424.000000
281474976710655.000000	13.884067	3608	7328374784.000000
281474976710655.000000	14.700727	3609	7329416704.000000
281474976710655.000000	14.099911	3610	7330455040.000000
281474976710655.000000	14.189670	3611	7331497472.000000
281474976710655.000000	14.208298	3612	7332534272.000000
281474976710655.000000	14.214288	3613	7333578240.000000
281474976710655.000000	14.563996	3614	7334613504.000000
281474976710655.000000	14.300775	3615	7335659008.000000
281474976710655.000000	14.055790	3616	7336692224.000000
281474976710655.000000	14.424641	3617	7337740800.000000
281474976710655.000000	14.280067	3618	7338772992.000000
281474976710655.000000	14.403589	3619	7339820544.000000
281474976710655.000000	14.240685	3620	7340852736.000000
281474976710655.000000	14.719518	3621	7341901312.000000
281474976710655.000000	14.548914	3622	7342932992.000000
281474976710655.000000	14.671949	3623	7343982080.000000
281474976710655.000000	14.347671	3624	7345013248.000000
281474976710655.000000	14.825738	3625	7346061824.000000
281474976710655.000000	14.551317	3626	7347093504.000000
281474976710655.000000	14.521804	3627	7348143104.000000
281474976710655.000000	14.553778	3628	7349174784.000000
281474976710655.000000	14.272602	3629	7350222848.000000
281474976710655.000000	13.903205	3630	7351254528.000000
281474976710655.000000	14.162666	3631	7352303104.000000
281474976710655.000000	13.891310	3632	7353334272.000000
281474976710655.000000	14.321778	3633	7354382848.000000
281474976710655.000000	14.822234	3634	7355414528.000000
281474976710655.000000	14.209687	3635	7356464128.000000
281474976710655.000000	14.358334	3636	7357495808.000000
281474976710655.000000	14.213248	3637	7358544896.000000
281474976710655.000000	14.617563	3638	7359576064.000000
281474976710655.000000	15.144267	3639	7360624128.000000
281474976710655.000000	14.080400	3640	7361655808.000000
281474976710655.000000	14.140059	3641	7362705408.000000
281474976710655.000000	14.283789	3642	7363735552.000000
281474976710655.000000	14.605983	3643	7364785152.000000
281474976710655.000000	14.138722	3644	7365816832.000000
281474976710655.000000	14.599650	3645	7366865408.000000
281474976710655.000000	14.342651	3646	7367897088.000000
281474976710655.000000	14.865450	3647	7368945664.000000
281474976710655.000000	13.955860	3648	7369977344.000000
281474976710655.000000	14.643288	3649	7371024896.000000
281474976710655.000000	14.462842	3650	7372057600.000000
281474976710655.000000	14.043344	3651	7373105152.000000
281474976710655.000000	14.471323	3652	7374138880.000000
281474976710655.000000	14.362289	3653	7375185408.000000
281474976710655.000000	14.451715	3654	7376219648.000000
281474976710655.000000	14.342742	3655	7377265664.000000
281474976710655.000000	14.958486	3656	7378300928.000000
281474976710655.000000	14.702969	3657	7379344896.000000
281474976710655.000000	14.144663	3658	7380380672.000000
281474976710655.000000	14.427389	3659	7381424128.000000
281474976710655.000000	14.349158	3660	7382461952.000000
281474976710655.000000	14.669368	3661	7383504384.000000
281474976710655.000000	14.327606	3662	7384541696.000000
281474976710655.000000	14.362698	3663	7385584128.000000
281474976710655.000000	14.384645	3664	7386624000.000000
281474976710655.000000	14.457831	3665	7387664384.000000
281474976710655.000000	14.575861	3666	7388703744.000000
281474976710655.000000	14.269851	3667	7389743616.000000
281474976710655.000000	14.024915	3668	7390784000.000000
281474976710655.000000	14.579366	3669	7391824896.000000
281474976710655.000000	14.413538	3670	7392865280.000000
281474976710655.000000	14.807208	3671	7393904640.000000
281474976710655.000000	14.199191	3672	7394945024.000000
281474976710655.000000	14.194884	3673	7395984896.000000
281474976710655.000000	14.859167	3674	7397024768.000000
281474976710655.000000	14.648170	3675	7398065664.000000
281474976710655.000000	14.357701	3676	7399104512.000000
281474976710655.000000	14.748476	3677	7400146944.000000
281474976710655.000000	14.350598	3678	7401184768.000000
281474976710655.000000	14.554129	3679	7402227712.000000
281474976710655.000000	13.912763	3680	7403264512.000000
281474976710655.000000	14.996058	3681	7404307968.000000
281474976710655.000000	14.007868	3682	7405343744.000000
281474976710655.000000	14.747596	3683	7406388736.000000
281474976710655.000000	14.619558	3684	7407424000.000000
281474976710655.000000	14.461353	3685	7408469504.000000
281474976710655.000000	14.440719	3686	7409503232.000000
281474976710655.000000	14.134142	3687	7410550784.000000
281474976710655.000000	14.442292	3688	7411583488.000000
281474976710655.000000	14.947608	3689	7412631552.000000
281474976710655.000000	14.770594	3690	7413663744.000000
281474976710655.000000	14.730842	3691	7414711296.000000
281474976710655.000000	14.154728	3692	7415743488.000000
281474976710655.000000	14.453531	3693	7416792576.000000
281474976710655.000000	14.504876	3694	7417823232.000000
281474976710655.000000	14.449890	3695	7418872320.000000
281474976710655.000000	14.253563	3696	7419903488.000000
281474976710655.000000	14.980040	3697	7420953600.000000
281474976710655.000000	14.013752	3698	7421983232.000000
281474976710655.000000	14.248984	3699	7423032832.000000
281474976710655.000000	14.527073	3700	7424064512.000000
281474976710655.000000	14.545203	3701	7425114112.000000
281474976710655.000000	14.645406	3702	7426145280.000000
281474976710655.000000	14.505137	3703	7427193856.000000
281474976710655.000000	14.938465	3704	7428224512.000000
281474976710655.000000	14.685911	3705	7429274624.000000
281474976710655.000000	14.021579	3706	7430303744.000000
281474976710655.000000	14.322673	3707	7431353856.000000
281474976710655.000000	14.475347	3708	7432385536.000000
281474976710655.000000	14.419914	3709	7433434624.000000
281474976710655.000000	14.506831	3710	7434466304.000000
281474976710655.000000	14.607402	3711	7435515904.000000
281474976710655.000000	14.297921	3712	7436546048.000000
281474976710655.000000	14.536334	3713	7437595648.000000
281474976710655.000000	14.332385	3714	7438625792.000000
281474976710655.000000	14.463442	3715	7439675392.000000
281474976710655.000000	14.024264	3716	7440705536.000000
281474976710655.000000	14.465909	3717	7441754624.000000
281474976710655.000000	14.610044	3718	7442786816.000000
281474976710655.000000	14.765296	3719	7443836416.000000
281474976710655.000000	14.805241	3720	7444867584.000000
281474976710655.000000	14.348602	3721	7445915648.000000
281474976710655.000000	14.677260	3722	7446946816.000000
281474976710655.000000	14.747218	3723	7447995392.000000
281474976710655.000000	14.389689	3724	7449028608.000000
281474976710655.000000	14.315607	3725	7450075648.000000
281474976710655.000000	14.140359	3726	7451109376.000000
281474976710655.000000	14.453182	3727	7452155392.000000
281474976710655.000000	14.641028	3728	7453190144.000000
281474976710655.000000	14.671100	3729	7454234624.000000
281474976710655.000000	14.681194	3730	7455270912.000000
281474976710655.000000	14.467558	3731	7456313856.000000
281474976710655.000000	14.364993	3732	7457351680.000000
281474976710655.000000	14.420045	3733	7458394624.000000
281474976710655.000000	14.421971	3734	7459431936.000000
281474976710655.000000	14.948871	3735	7460474880.000000
281474976710655.000000	14.229716	3736	7461511680.000000
281474976710655.000000	15.027568	3737	7462554112.000000
281474976710655.000000	14.772088	3738	7463593472.000000
281474976710655.000000	14.543723	3739	7464634368.000000
281474976710655.000000	14.115355	3740	7465673216.000000
281474976710655.000000	14.563126	3741	7466715648.000000
281474976710655.000000	14.519586	3742	7467752960.000000
281474976710655.000000	14.422912	3743	7468794368.000000
281474976710655.000000	14.411860	3744	7469833216.000000
281474976710655.000000	15.005724	3745	7470875648.000000
281474976710655.000000	14.299216	3746	7471912960.000000
281474976710655.000000	14.483974	3747	7472955904.000000
281474976710655.000000	14.538835	3748	7473993216.000000
281474976710655.000000	14.588221	3749	7475036672.000000
281474976710655.000000	14.717566	3750	7476073472.000000
281474976710655.000000	14.779174	3751	7477117952.000000
281474976710655.000000	14.860131	3752	7478153216.000000
281474976710655.000000	14.711079	3753	7479198720.000000
281474976710655.000000	14.551366	3754	7480232448.000000
281474976710655.000000	14.688371	3755	7481277952.000000
281474976710655.000000	14.671169	3756	7482311680.000000
281474976710655.000000	14.694158	3757	7483359232.000000
281474976710655.000000	14.527899	3758	7484392960.000000
281474976710655.000000	14.589516	3759	7485440512.000000
281474976710655.000000	14.711332	3760	7486472192.000000
281474976710655.000000	14.512715	3761	7487520768.000000
281474976710655.000000	14.952750	3762	7488552448.000000
281474976710655.000000	14.377596	3763	7489600000.000000
281474976710655.000000	14.491270	3764	7490632192.000000
281474976710655.000000	14.367729	3765	7491682304.000000
281474976710655.000000	14.654359	3766	7492712448.000000
281474976710655.000000	14.710527	3767	7493761536.000000
281474976710655.000000	14.878064	3768	7494791680.000000
281474976710655.000000	15.513385	3769	7495842304.000000
281474976710655.000000	14.557704	3770	7496872960.000000
281474976710655.000000	14.643553	3771	7497922048.000000
281474976710655.000000	14.577894	3772	7498952704.000000
281474976710655.000000	15.261647	3773	7500003328.000000
281474976710655.000000	14.709007	3774	7501032960.000000
281474976710655.000000	14.588335	3775	7502083072.000000
281474976710655.000000	14.471427	3776	7503113216.000000
281474976710655.000000	15.245907	3777	7504163328.000000
281474976710655.000000	14.599503	3778	7505194496.000000
281474976710655.000000	14.744602	3779	7506243584.000000
281474976710655.000000	14.476859	3780	7507274240.000000
281474976710655.000000	14.644681	3781	7508323840.000000
281474976710655.000000	14.944609	3782	7509354496.000000
281474976710655.000000	14.538892	3783	7510403584.000000
281474976710655.000000	14.530832	3784	7511434240.000000
281474976710655.000000	14.847699	3785	7512485376.000000
281474976710655.000000	14.667249	3786	7513513984.000000
281474976710655.000000	15.385798	3787	7514564096.000000
281474976710655.000000	14.490329	3788	7515595776.000000
281474976710655.000000	14.275565	3789	7516643840.000000
281474976710655.000000	14.782950	3790	7517675520.000000
281474976710655.000000	14.789556	3791	7518724608.000000
281474976710655.000000	14.808749	3792	7519756800.000000
281474976710655.000000	14.902425	3793	7520804864.000000
281474976710655.000000	14.964314	3794	7521836032.000000
281474976710655.000000	14.971072	3795	7522884608.000000
281474976710655.000000	14.775719	3796	7523917312.000000
281474976710655.000000	14.499597	3797	7524963328.000000
281474976710655.000000	14.798462	3798	7525997056.000000
281474976710655.000000	15.105795	3799	7527045120.000000
281474976710655.000000	14.547660	3800	7528079360.000000
281474976710655.000000	14.606641	3801	7529124352.000000
281474976710655.000000	14.679987	3802	7530159104.000000
281474976710655.000000	14.775348	3803	7531204096.000000
281474976710655.000000	14.253427	3804	7532238848.000000
281474976710655.000000	14.436913	3805	7533283328.000000
281474976710655.000000	14.618375	3806	7534320640.000000
281474976710655.000000	14.474064	3807	7535364096.000000
281474976710655.000000	14.654119	3808	7536400896.000000
281474976710655.000000	14.997702	3809	7537443840.000000
281474976710655.000000	14.318489	3810	7538481152.000000
281474976710655.000000	14.764836	3811	7539524096.000000
281474976710655.000000	14.719023	3812	7540560896.000000
281474976710655.000000	14.964449	3813	7541604352.000000
281474976710655.000000	14.428793	3814	7542641152.000000
281474976710655.000000	14.681150	3815	7543685632.000000
281474976710655.000000	14.845935	3816	7544720896.000000
281474976710655.000000	14.561981	3817	7545765376.000000
281474976710655.000000	14.679100	3818	7546801664.000000
281474976710655.000000	14.852525	3819	7547845632.000000
281474976710655.000000	14.585937	3820	7548881408.000000
281474976710655.000000	14.430502	3821	7549926400.000000
281474976710655.000000	14.953576	3822	7550961152.000000
281474976710655.000000	14.550768	3823	7552005632.000000
281474976710655.000000	14.545061	3824	7553040896.000000
281474976710655.000000	14.891813	3825	7554087936.000000
281474976710655.000000	14.856211	3826	7555121152.000000
281474976710655.000000	15.209929	3827	7556169216.000000
281474976710655.000000	14.682829	3828	7557200896.000000
281474976710655.000000	14.660869	3829	7558248448.000000
281474976710655.000000	14.783194	3830	7559282176.000000
281474976710655.000000	15.054681	3831	7560328704.000000
281474976710655.000000	15.436888	3832	7561360896.000000
281474976710655.000000	14.928182	3833	7562410496.000000
281474976710655.000000	14.195148	3834	7563440640.000000
281474976710655.000000	14.831842	3835	7564489728.000000
281474976710655.000000	14.715424	3836	7565521408.000000
281474976710655.000000	14.999378	3837	7566571008.000000
281474976710655.000000	15.053888	3838	7567601152.000000
281474976710655.000000	15.134323	3839	7568650752.000000
281474976710655.000000	14.402426	3840	7569681408.000000
281474976710655.000000	14.445397	3841	7570732032.000000
281474976710655.000000	15.134656	3842	7571761152.000000
281474976710655.000000	14.173610	3843	7572811264.000000
281474976710655.000000	14.287418	3844	7573841920.000000
281474976710655.000000	14.556038	3845	7574891008.000000
281474976710655.000000	14.661817	3846	7575922176.000000
281474976710655.000000	14.898228	3847	7576972288.000000
281474976710655.000000	14.431232	3848	7578002432.000000
281474976710655.000000	14.671373	3849	7579051520.000000
281474976710655.000000	14.900428	3850	7580083200.000000
281474976710655.000000	15.016635	3851	7581132800.000000
281474976710655.000000	14.704581	3852	7582162432.000000
281474976710655.000000	14.817822	3853	7583212544.000000
281474976710655.000000	14.908202	3854	7584243200.000000
281474976710655.000000	15.367589	3855	7585293312.000000
281474976710655.000000	14.829201	3856	7586323456.000000
281474976710655.000000	15.041087	3857	7587372544.000000
281474976710655.000000	14.884214	3858	7588403712.000000
